Binary Search (Non Existing): (5 objects)
-----------------------
2.2080057533457875e-06
1.0520016076043248e-06
9.250070434063673e-07
1.0490039130672812e-06
1.334003172814846e-06
1.4960096450522542e-06
1.1390075087547302e-06
1.1649972293525934e-06
1.0299991117790341e-06
1.5499972505494952e-06
8.829956641420722e-07
8.569913916289806e-07
1.3420067261904478e-06
8.350034477189183e-07
8.269998943433166e-07
8.409988367930055e-07
5.249006790108979e-06
2.6750058168545365e-06
1.0619987733662128e-06
9.549985406920314e-07
1.2820091797038913e-06
9.299983503296971e-07
8.260103641077876e-07
8.430070010945201e-07
1.0290095815435052e-06
-----------------------
Binary Search (Non Existing): (10 objects)
-----------------------
7.688009645789862e-06
6.4350024331361055e-06
3.14900535158813e-06
2.9569928301498294e-06
3.798995749093592e-06
2.048007445409894e-06
6.108995876275003e-06
3.9391001337207854e-05
2.7830101316794753e-06
2.988002961501479e-06
2.711007255129516e-06
1.7290003597736359e-06
1.5179975889623165e-06
1.6569974832236767e-06
2.245986252091825e-06
1.4499964891001582e-06
2.2360036382451653e-06
3.4999975468963385e-06
2.8240028768777847e-06
1.5330006135627627e-06
1.453998265787959e-06
1.7849961295723915e-06
1.963999238796532e-06
1.5699915820732713e-06
1.6669946489855647e-06
-----------------------
Binary Search (Non Existing): (100 objects)
-----------------------
2.496992237865925e-06
3.2279931474477053e-06
2.0570005290210247e-06
2.329004928469658e-06
2.9329967219382524e-06
3.4469994716346264e-06
3.8130092434585094e-06
1.6403006156906486e-05
2.7289934223517776e-06
2.020999090746045e-06
1.944994437508285e-06
1.7809943528845906e-06
1.8400023691356182e-06
1.8610007828101516e-06
1.83499651029706e-06
1.8479913705959916e-06
1.8419959815219045e-06
1.8550053937360644e-06
1.8759892554953694e-06
1.7929996829479933e-06
1.8550053937360644e-06
1.8319988157600164e-06
1.8510036170482635e-06
1.7730053514242172e-06
1.8760038074105978e-06
-----------------------
Binary Search (Non Existing): (1000 objects)
-----------------------
3.5199918784201145e-06
3.3349933801218867e-06
3.378998371772468e-06
3.3090036595240235e-06
3.2079988159239292e-06
3.3139949664473534e-06
3.1910021789371967e-06
3.2349926186725497e-06
3.164997906424105e-06
3.1410017982125282e-06
3.174995072185993e-06
3.31099727191031e-06
6.5019994508475065e-06
3.2570096664130688e-06
5.170993972569704e-06
3.349996404722333e-06
3.5470002330839634e-06
3.2709940569475293e-06
3.1729869078844786e-06
3.1999952625483274e-06
3.2579991966485977e-06
3.306995495222509e-06
3.278008080087602e-06
3.2190000638365746e-06
3.029999788850546e-06
-----------------------
Binary Search (Non Existing): (10000 objects)
-----------------------
1.0645002475939691e-05
1.1119991540908813e-05
6.564994691871107e-06
7.758004358038306e-06
7.118011126294732e-06
6.137008313089609e-06
8.00799170974642e-06
1.0877003660425544e-05
6.853006198070943e-06
9.370996849611402e-06
8.793998858891428e-06
6.385002052411437e-06
1.557100040372461e-05
8.906004950404167e-06
1.1752010323107243e-05
1.994500053115189e-05
9.432013030163944e-06
9.436000254936516e-06
6.842004950158298e-06
8.018003427423537e-06
6.824993761256337e-06
8.100992999970913e-06
5.873996997252107e-06
5.865003913640976e-06
7.0789974415674806e-06
-----------------------
Binary Search (Non Existing): (30000 objects)
-----------------------
1.126900315284729e-05
1.0709001799114048e-05
1.3590994058176875e-05
1.3406999642029405e-05
1.355700078420341e-05
1.1720010661520064e-05
2.9791990527883172e-05
1.0372998076491058e-05
1.0023009963333607e-05
1.2527001672424376e-05
1.0549993021413684e-05
1.2397998943924904e-05
1.0928997653536499e-05
1.0571005987003446e-05
1.1014009942300618e-05
1.1119991540908813e-05
1.1148993507958949e-05
1.066799450200051e-05
1.0700008715502918e-05
9.210998541675508e-06
1.0548988939262927e-05
1.0711009963415563e-05
1.0518997441977262e-05
1.0392002877779305e-05
1.0723000741563737e-05
-----------------------
Binary Search (Non Existing): (50000 objects)
-----------------------
1.663899456616491e-05
1.2427000910975039e-05
1.3523997040465474e-05
1.4753997675143182e-05
1.6047997632995248e-05
1.1809999705292284e-05
1.1279000318609178e-05
1.1289987014606595e-05
1.166800211649388e-05
3.183099033776671e-05
1.432400313206017e-05
1.2194010196253657e-05
1.1866999557241797e-05
1.1202995665371418e-05
1.1908006854355335e-05
1.29429972730577e-05
1.2770993635058403e-05
1.0906995157711208e-05
1.3361001037992537e-05
1.1878000805154443e-05
1.1304000508971512e-05
1.0734991519711912e-05
1.3668002793565392e-05
1.5972007531672716e-05
1.3661003322340548e-05
-----------------------
Binary Search (Non Existing): (75000 objects)
-----------------------
1.4805002138018608e-05
1.4220000593923032e-05
1.3560013030655682e-05
1.4796998584643006e-05
1.3484997907653451e-05
1.2854987289756536e-05
1.2338990927673876e-05
1.2981996405869722e-05
1.1918993550352752e-05
2.117999247275293e-05
1.2177013559266925e-05
1.2161006452515721e-05
1.1636991985142231e-05
1.323899778071791e-05
1.3611992471851408e-05
1.4618999557569623e-05
1.5148005331866443e-05
1.630200131330639e-05
1.3479002518579364e-05
1.2816002708859742e-05
1.4138000551611185e-05
1.3473007129505277e-05
1.2527001672424376e-05
1.3999000657349825e-05
1.344000338576734e-05
-----------------------
Binary Search (Non Existing): (100 objects)
-----------------------
6.193993613123894e-06
4.583998816087842e-06
5.813300231238827e-05
3.7479985621757805e-06
1.6085999959614128e-05
3.2949974411167204e-06
3.068002115469426e-06
3.3910037018358707e-06
9.673996828496456e-06
6.859998393338174e-06
5.531997885555029e-06
5.064001015853137e-06
3.836998075712472e-06
3.6909987102262676e-06
4.4480038923211396e-06
4.918998456560075e-06
5.53800055058673e-06
7.541995728388429e-06
4.148998414166272e-06
2.2370004444383085e-06
2.101005520671606e-06
2.649998350534588e-06
2.3659958969801664e-06
2.2080057533457875e-06
1.8999999156221747e-06
-----------------------
