Binary Search (Existing): (5 objects)
-----------------------
4.609013558365405e-06
1.444001100026071e-06
1.1609954526647925e-06
1.0859948815777898e-06
7.390044629573822e-07
7.509952411055565e-07
9.649957064539194e-07
3.7479912862181664e-06
1.2920063454657793e-06
3.216002369299531e-06
1.4950055629014969e-06
8.829956641420722e-07
7.33998604118824e-07
8.319912012666464e-07
7.419876055791974e-07
1.1420052032917738e-06
2.187996869906783e-06
7.610069587826729e-07
1.848995452746749e-06
8.299975888803601e-07
7.860071491450071e-07
7.440103217959404e-07
7.930066203698516e-07
8.250062819570303e-07
9.460054570809007e-07
-----------------------
Binary Search (Existing): (10 objects)
-----------------------
1.2328993761911988e-05
7.880007615312934e-06
5.346999387256801e-06
3.550987457856536e-06
3.995999577455223e-06
1.781998435035348e-06
3.5230041248723865e-06
5.63899811822921e-06
3.1719973776489496e-06
3.44999716617167e-06
2.519998815841973e-06
3.039996954612434e-06
2.6840134523808956e-06
2.6560010155662894e-06
2.6109919417649508e-06
2.3899920051917434e-06
2.020999090746045e-06
1.8949940567836165e-06
3.131994162686169e-06
1.7690035747364163e-06
1.3769895303994417e-06
1.358988811261952e-06
1.6970006981864572e-06
1.191001501865685e-06
1.7739948816597462e-06
-----------------------
Binary Search (Existing): (100 objects)
-----------------------
7.631999324075878e-06
3.0939991120249033e-06
2.7479982236400247e-06
2.3690081434324384e-06
2.8170034056529403e-06
3.649009158834815e-06
2.9270013328641653e-06
8.939008694142103e-06
3.859997377730906e-06
2.152999513782561e-06
1.8470018403604627e-06
1.7600104911252856e-06
1.7279962776228786e-06
1.7510028555989265e-06
1.7610000213608146e-06
1.734006218612194e-06
1.7200072761625051e-06
1.6850099200382829e-06
1.715990947559476e-06
1.7059937817975879e-06
1.6609992599114776e-06
1.6959966160356998e-06
1.6759877325966954e-06
1.6450067050755024e-06
1.724009052850306e-06
-----------------------
Binary Search (Existing): (1000 objects)
-----------------------
5.080000846646726e-06
3.5130069591104984e-06
3.2549869501963258e-06
3.21200059261173e-06
3.569992259144783e-06
3.3389951568096876e-06
3.2569951144978404e-06
3.5629927879199386e-06
3.1380041036754847e-06
3.1840027077123523e-06
3.1059898901730776e-06
3.2180105336010456e-06
3.1859963200986385e-06
3.692999598570168e-06
3.3310061553493142e-06
3.6609999369829893e-06
3.19899118039757e-06
3.5199918784201145e-06
3.3010001061484218e-06
3.2569951144978404e-06
3.27499583363533e-06
3.287001163698733e-06
3.212990122847259e-06
3.159002517350018e-06
3.225999535061419e-06
-----------------------
Binary Search (Existing): (10000 objects)
-----------------------
7.795009878464043e-06
7.933995220810175e-06
7.160997483879328e-06
8.401999366469681e-06
7.298993295989931e-06
7.024995284155011e-06
6.953996489755809e-06
1.344099291600287e-05
7.659997208975255e-06
7.13299959897995e-06
7.160007953643799e-06
7.3169940151274204e-06
8.892995538190007e-06
1.2489996151998639e-05
2.658000448718667e-05
4.6182991354726255e-05
8.445989806205034e-06
8.110000635497272e-06
9.280993253923953e-06
9.532988769933581e-06
6.913993274793029e-06
6.874004611745477e-06
6.6250067902728915e-06
6.9359957706183195e-06
9.878000128082931e-06
-----------------------
Binary Search (Existing): (30000 objects)
-----------------------
1.2531992979347706e-05
1.176798832602799e-05
1.1064999853260815e-05
1.0981006198562682e-05
3.695399209391326e-05
1.0657997336238623e-05
1.2402990250848234e-05
1.2333999620750546e-05
1.077599881682545e-05
1.1534997611306608e-05
1.1265990906395018e-05
1.1687006917782128e-05
1.1141004506498575e-05
1.0463001672178507e-05
1.0935997124761343e-05
1.0974996257573366e-05
1.1240001185797155e-05
1.1836993508040905e-05
1.1239986633881927e-05
1.2050004443153739e-05
1.0671006748452783e-05
1.2103002518415451e-05
1.2659002095460892e-05
1.1355004971846938e-05
2.168100036215037e-05
-----------------------
Binary Search (Existing): (50000 objects)
-----------------------
1.3409997336566448e-05
1.1559008271433413e-05
1.381299807690084e-05
1.4762990758754313e-05
1.2912001693621278e-05
1.16239971248433e-05
1.228798646479845e-05
1.2461998267099261e-05
1.2007003533653915e-05
1.164199784398079e-05
1.2361997505649924e-05
1.2183998478576541e-05
1.181199331767857e-05
1.1576004908420146e-05
1.8243998056277633e-05
1.2039992725476623e-05
1.2300006346777081e-05
1.2263990356586874e-05
1.2079006410203874e-05
1.3961005606688559e-05
1.1876996723003685e-05
1.1526994057931006e-05
1.2288001016713679e-05
1.284400059375912e-05
1.2071992387063801e-05
-----------------------
Binary Search (Existing): (75000 objects)
-----------------------
1.4307996025308967e-05
1.2340999091975391e-05
1.267300103791058e-05
1.2420990969985723e-05
1.1376003385521472e-05
1.2015996617265046e-05
1.2011994840577245e-05
1.2313001207076013e-05
1.1568001355044544e-05
1.2884993338957429e-05
1.3210999895818532e-05
1.2803997378796339e-05
1.2046992196701467e-05
1.1969008482992649e-05
1.1729003745131195e-05
1.1826996342279017e-05
1.3062002835795283e-05
1.2971999240107834e-05
1.170000177808106e-05
1.151100150309503e-05
1.1190000805072486e-05
4.243799776304513e-05
1.2894000974483788e-05
1.139000232797116e-05
1.2683987733907998e-05
-----------------------
Binary Search (Existing): (100 objects)
-----------------------
1.3900003978051245e-05
6.998998287599534e-06
6.455004040617496e-06
2.7380003302823752e-05
1.4833000022917986e-05
3.918998118024319e-06
3.1520030461251736e-06
3.6529963836073875e-06
6.747999577783048e-06
7.299000571947545e-06
5.464004061650485e-06
3.2809984986670315e-06
6.550006219185889e-06
4.3769978219643235e-06
6.942005711607635e-06
6.198999471962452e-06
4.740002623293549e-06
4.736997652798891e-06
4.850997356697917e-06
5.6159988162107766e-06
2.091001078952104e-06
2.4450055207125843e-06
5.230998795013875e-06
2.025997673626989e-06
2.9690054361708462e-06
-----------------------
