Linear Search Before: (5 objects)
-----------------------
2.8329959604889154e-06
1.4399993233382702e-06
1.1829979484900832e-06
1.047010300680995e-06
9.319919627159834e-07
9.450013749301434e-07
9.320065146312118e-07
9.330105967819691e-07
9.360082913190126e-07
9.619980119168758e-07
9.529903763905168e-07
9.590003173798323e-07
9.620125638321042e-07
9.299983503296971e-07
9.159994078800082e-07
9.329960448667407e-07
9.499926818534732e-07
9.2400296125561e-07
9.330105967819691e-07
9.270006557926536e-07
1.004009391181171e-06
9.20990714803338e-07
9.529903763905168e-07
9.359937394037843e-07
9.20990714803338e-07
-----------------------
Linear Search Before: (10 objects)
-----------------------
8.082002750597894e-06
2.7339992811903358e-06
1.5419936971738935e-06
1.4780089259147644e-06
1.6769918147474527e-06
1.4520046534016728e-06
1.3279932318255305e-06
1.3870012480765581e-06
1.2789969332516193e-06
1.3950048014521599e-06
1.61500065587461e-06
1.4030083548277617e-06
1.357999281026423e-06
1.4319957699626684e-06
1.6090052668005228e-06
1.3859971659258008e-06
1.3160024536773562e-06
1.2939999578520656e-06
1.5869882190600038e-06
1.667009200900793e-06
1.2959935702383518e-06
1.277992851100862e-06
1.2820091797038913e-06
1.3889948604628444e-06
1.3279932318255305e-06
-----------------------
Linear Search Before: (100 objects)
-----------------------
1.1985001037828624e-05
9.297000360675156e-06
8.68999632075429e-06
1.1440992238931358e-05
1.2188000255264342e-05
8.889008313417435e-06
8.522998541593552e-06
1.355299900751561e-05
1.0579999070614576e-05
9.094001143239439e-06
2.7104004402644932e-05
2.1371000912040472e-05
1.0274990927428007e-05
1.0417992598377168e-05
1.0062998626381159e-05
9.70800465438515e-06
1.0830000974237919e-05
2.8335998649708927e-05
2.1404994186013937e-05
2.988699998240918e-05
5.29730023117736e-05
5.8613004512153566e-05
3.691398887895048e-05
1.2324002454988658e-05
9.733004844747484e-06
-----------------------
Linear Search Before: (1000 objects)
-----------------------
0.00011743999493774027
0.00010519199713598937
0.00010909000411629677
0.0001033589942380786
0.00010365000343881547
0.00011217501014471054
9.787299495656043e-05
9.814801160246134e-05
9.785399015527219e-05
9.80869954219088e-05
9.896299161482602e-05
9.78179887169972e-05
9.812100324779749e-05
9.79899923549965e-05
9.774300269782543e-05
9.807400056160986e-05
9.808900358621031e-05
0.00010709698835853487
0.0001623720017960295
0.00040457599970977753
0.00028087499958928674
0.00010427300003357232
9.955800487659872e-05
9.984800999518484e-05
9.820100967772305e-05
-----------------------
Linear Search Before: (10000 objects)
-----------------------
0.002343840998946689
0.0016474680014653131
0.001578370007337071
0.0020954409992555156
0.0016943410009844229
0.0016140410007210448
0.0015456050023203716
0.0016072970029199496
0.0016338310088030994
0.0016818570002214983
0.0016444570064777508
0.0020546950108837336
0.0016518670017831028
0.0020263589976821095
0.0017964350117836148
0.0024658449983689934
0.0018892710068030283
0.002367631997913122
0.0017449610022595152
0.0016255469963653013
0.0016264939913526177
0.0015912050002953038
0.0016509120032424107
0.0016891169943846762
0.0020022959943162277
-----------------------
Linear Search Before: (30000 objects)
-----------------------
0.008743398997467011
0.008501812000758946
0.008602016008808278
0.008905022987164557
0.00859194500662852
0.008588450000388548
0.009115054999710992
0.008699259997229092
0.008785387995885685
0.008597826003096998
0.01148517600086052
0.0093793080013711
0.008780912990914658
0.008719379009562545
0.008569757002987899
0.00904978699691128
0.008523064010660164
0.00855652999598533
0.00856810800905805
0.00891894000233151
0.009220124004059471
0.008525751996785402
0.008463983002002351
0.008349053998244926
0.008612893987447023
-----------------------
Linear Search Before: (50000 objects)
-----------------------
0.01524299599986989
0.015715724002802745
0.01571043000149075
0.01602582901250571
0.01511807000497356
0.015009383991127834
0.016194850992178544
0.01571892599167768
0.016079897992312908
0.0150001390138641
0.015157225003349595
0.0151738130080048
0.016705982998246327
0.015187190991127864
0.015184586998657323
0.01533419000043068
0.015424206998432055
0.015043883002363145
0.015112038003280759
0.017734111999743618
0.015454392996616662
0.015491864993236959
0.015020263992482796
0.015137832990149036
0.015216726009384729
-----------------------
Linear Search Before: (75000 objects)
-----------------------
0.024010191002162173
0.02411198899790179
0.024644421006087214
0.0236484029883286
0.0243557560024783
0.024825269996654242
0.024197140999604017
0.02398898100364022
0.02351005900709424
0.023611258002347313
0.02489467299892567
0.028509984011179768
0.025638655002694577
0.024672063009347767
0.024907579994760454
0.024273607996292412
0.023907380003947765
0.02402604500821326
0.025710098998388276
0.02385389899427537
0.025003858012496494
0.026008021988673136
0.024142702997778542
0.024444958005915396
0.024504432993126102
-----------------------
Linear Search Before: (100 objects)
-----------------------
1.2178003089502454e-05
9.253002644982189e-06
8.647999493405223e-06
8.486997103318572e-06
8.43199813971296e-06
8.531002094969153e-06
8.500996045768261e-06
8.543000149074942e-06
8.549002814106643e-06
8.622999303042889e-06
8.74599936651066e-06
1.5833000361453742e-05
1.0194999049417675e-05
8.545997843611985e-06
8.479997632093728e-06
8.540002454537898e-06
8.632996468804777e-06
8.677001460455358e-06
8.351998985745013e-06
8.719005563762039e-06
8.602000889368355e-06
8.549999620299786e-06
8.675000572111458e-06
9.311996109317988e-06
8.976996468845755e-06
-----------------------
