Linear Search After (Non Existing): (5 objects)
-----------------------
2.22001108340919e-06
1.6940030036494136e-06
1.200998667627573e-06
1.0350049706175923e-06
1.157997758127749e-06
1.3590033631771803e-06
1.067004632204771e-06
3.924011252820492e-06
1.248001353815198e-06
3.621011273935437e-06
2.319997292943299e-06
1.7590064089745283e-06
9.400100680068135e-07
9.280047379434109e-07
9.399955160915852e-07
9.81002813205123e-07
2.792003215290606e-06
9.049981599673629e-07
8.960050763562322e-07
8.770002750679851e-07
9.700015652924776e-07
9.030045475810766e-07
9.310024324804544e-07
1.7239945009350777e-06
9.659997886046767e-07
-----------------------
Linear Search After (Non Existing): (10 objects)
-----------------------
1.2684991816058755e-05
9.911993402056396e-06
8.215996786020696e-06
8.267001248896122e-06
7.009002729319036e-06
5.7480065152049065e-06
5.16399450134486e-06
7.624999852851033e-06
6.275004125200212e-06
6.341011612676084e-06
3.865992766804993e-06
3.840992576442659e-06
3.029999788850546e-06
3.0919909477233887e-06
2.778993803076446e-06
3.188004484400153e-06
4.721005097962916e-06
3.345005097799003e-06
4.492991138249636e-06
3.216002369299531e-06
3.6380079109221697e-06
2.410000888630748e-06
2.1999876480549574e-06
1.9180006347596645e-06
3.465989721007645e-06
-----------------------
Linear Search After (Non Existing): (100 objects)
-----------------------
2.510099147912115e-05
1.1655996786430478e-05
1.2481992598623037e-05
1.3441996998153627e-05
1.4406992704607546e-05
1.9265004084445536e-05
1.2889999197795987e-05
5.2336996304802597e-05
2.0167004549875855e-05
8.83299799170345e-06
8.425995474681258e-06
8.239992894232273e-06
8.34801176097244e-06
8.219998562708497e-06
8.326998795382679e-06
8.172995876520872e-06
8.286006050184369e-06
8.25899769552052e-06
8.289993274956942e-06
8.265007636509836e-06
8.271992555819452e-06
8.208997314795852e-06
8.33001104183495e-06
8.195012924261391e-06
8.267001248896122e-06
-----------------------
Linear Search After (Non Existing): (1000 objects)
-----------------------
9.886200132314116e-05
9.797999518923461e-05
9.78559983195737e-05
9.781299741007388e-05
9.764298738446087e-05
9.688199497759342e-05
9.580199548508972e-05
9.728199802339077e-05
9.576899174135178e-05
9.688700083643198e-05
9.584899817127734e-05
9.726799908094108e-05
0.00026329200773034245
9.782999404706061e-05
0.00014093899517320096
9.908899664878845e-05
0.00013686600141227245
9.592199057806283e-05
9.679899085313082e-05
9.572500130161643e-05
9.703700197860599e-05
9.61279874900356e-05
9.676699119154364e-05
9.549300011713058e-05
9.661300282459706e-05
-----------------------
Linear Search After (Non Existing): (10000 objects)
-----------------------
0.002387550994171761
0.002345449000131339
0.001663361006649211
0.0019005060021299869
0.0018337560031795874
0.0017327410023426637
0.0018709580035647377
0.0032384419901063666
0.001737210011924617
0.002211127008195035
0.0017875710036605597
0.001645348995225504
0.0030895860109012574
0.0024135290004778653
0.003705241993884556
0.008531657993444242
0.002251586993224919
0.0022134500031825155
0.0020650750084314495
0.001870535998023115
0.0017380939971189946
0.0017116679955506697
0.001727630995446816
0.0017207960045197979
0.0019031669944524765
-----------------------
Linear Search After (Non Existing): (30000 objects)
-----------------------
0.00817444099811837
0.008349590993020684
0.008789185987552628
0.01158058299915865
0.009615104994736612
0.00875194399850443
0.009432770006242208
0.008473916008369997
0.008163204998709261
0.009223670000210404
0.008062060005613603
0.008393013995373622
0.008213945009629242
0.008180445001926273
0.008182983001461253
0.008189757994841784
0.00834569199651014
0.008236755995312706
0.008233952001319267
0.008243092001066543
0.008175581009709276
0.00831173500046134
0.008783090001088567
0.008099486003629863
0.00862721900921315
-----------------------
Linear Search After (Non Existing): (50000 objects)
-----------------------
0.014218349999282509
0.014539957002853043
0.016353700004401617
0.01848551200237125
0.01591053800075315
0.014446919012698345
0.014493383991066366
0.014872740997816436
0.014448432993958704
0.017950993991689757
0.015394558999105357
0.01438177099043969
0.014339319008286111
0.014430262992391363
0.01460066600702703
0.014654061000328511
0.015105211001355201
0.014749519992619753
0.0156406780006364
0.015489554003579542
0.01450655999360606
0.014471426999079995
0.019650139001896605
0.015193322004051879
0.014676033999421634
-----------------------
Linear Search After (Non Existing): (75000 objects)
-----------------------
0.0241961360006826
0.02435595499991905
0.023116455995477736
0.023134027011110447
0.024150188997737132
0.02259570399473887
0.02292804299213458
0.022922040996490978
0.02313424200110603
0.02397145700524561
0.022772993994294666
0.0227907850057818
0.02280880999751389
0.023514900007285178
0.022702510003000498
0.023394850009935908
0.024001793994102627
0.023326194001128897
0.023704392995568924
0.022890034000738524
0.023819414011086337
0.024243851003120653
0.022605990001466125
0.02321639000729192
0.023064255001372658
-----------------------
Linear Search After (Non Existing): (100 objects)
-----------------------
4.449200059752911e-05
2.5510998966638e-05
3.0635004804935306e-05
7.673900108784437e-05
0.0001315380068263039
1.7305996152572334e-05
1.4297002053353935e-05
1.5559002349618822e-05
0.0002825460032909177
2.3824999516364187e-05
2.3009000869933516e-05
2.189899532822892e-05
1.8746002751868218e-05
2.084299921989441e-05
2.436100476188585e-05
2.58310028584674e-05
2.5383997126482427e-05
2.2977001208346337e-05
2.5894005375448614e-05
1.3908000255469233e-05
9.421004506293684e-06
9.395000233780593e-06
1.091699959943071e-05
1.0784999176394194e-05
1.1331001587677747e-05
-----------------------
