Linear Search Before: (5 objects)
-----------------------
2.6080015231855214e-06
1.2400050763972104e-06
6.999980541877449e-07
9.180002962239087e-07
5.870024324394763e-07
9.889990906231105e-07
5.940019036643207e-07
8.719944162294269e-07
7.420021574944258e-07
9.430004865862429e-07
6.710033630952239e-07
7.069975254125893e-07
7.48994352761656e-07
5.659967428073287e-07
9.299983503296971e-07
9.430004865862429e-07
7.429989636875689e-07
6.569971446879208e-07
5.76997990719974e-07
8.33999365568161e-07
9.319992386735976e-07
6.580012268386781e-07
7.269991328939795e-07
5.770052666775882e-07
5.910042091272771e-07
-----------------------
Linear Search Before: (10 objects)
-----------------------
2.6520065148361027e-06
1.7839993233792484e-06
1.4689940144307911e-06
6.929985829629004e-07
1.1070005712099373e-06
7.249982445500791e-07
1.3270037015900016e-06
6.580012268386781e-07
1.2890013749711215e-06
1.1020019883289933e-06
5.680049071088433e-07
1.3719982234761119e-06
1.0730000212788582e-06
1.1689990060403943e-06
1.1599986464716494e-06
5.820038495585322e-07
1.205000444315374e-06
1.2310047168284655e-06
8.889983291737735e-07
1.0939984349533916e-06
9.040013537742198e-07
9.080031304620206e-07
8.279967005364597e-07
1.0680014383979142e-06
1.3190001482143998e-06
-----------------------
Linear Search Before: (100 objects)
-----------------------
7.875001756474376e-06
7.212001946754754e-06
3.826004103757441e-06
2.9049988370388746e-06
7.07000435795635e-06
6.10999995842576e-06
1.281005097553134e-06
8.841001545079052e-06
6.458001735154539e-06
4.264002200216055e-06
5.112000508233905e-06
2.4000000848900527e-05
2.5324006855953485e-05
1.8744001863524318e-05
2.6112000341527164e-05
2.6301997422706336e-05
6.749900057911873e-05
1.413100108038634e-05
1.5605997759848833e-05
1.8451995856594294e-05
3.6140998417977244e-05
2.658499579411e-05
1.06209990917705e-05
2.740001946222037e-06
1.320699811913073e-05
-----------------------
Linear Search Before: (1000 objects)
-----------------------
0.00035835799644701183
0.0002689589964575134
9.224400128005072e-05
0.0001419850013917312
3.1719973776489496e-06
2.939999831141904e-05
4.1027000406757e-05
2.9646995244547725e-05
7.33640044927597e-05
2.2928994440007955e-05
2.9410999559331685e-05
5.290700210025534e-05
0.00018639100017026067
4.841200279770419e-05
0.00024372799816774204
1.0801995813380927e-05
5.574800161411986e-05
7.869995897635818e-06
4.739699943456799e-05
8.077600068645552e-05
3.8746999052818865e-05
2.8492999263107777e-05
7.501700019929558e-05
9.77099989540875e-06
9.404500451637432e-05
-----------------------
Linear Search Before: (10000 objects)
-----------------------
0.0001108719952753745
0.0020649009966291487
0.0009240050057996996
0.000604697001108434
0.0017380119970766827
0.00774313500005519
0.00023556000087410212
0.0012678329949267209
0.002225501993962098
6.706199928885326e-05
0.0016781380036263727
0.0018982600013259798
5.521000275621191e-05
0.00032864699460333213
0.0008985050008050166
0.0008978500045486726
0.0007876169984228909
0.00039696000021649525
0.00012219900236232206
0.0005188529976294376
0.0013106580008752644
0.0015220259956549853
0.00030205399525584653
0.0007403830022667535
0.0014430759983952157
-----------------------
Linear Search Before: (30000 objects)
-----------------------
0.004580282999086194
0.005386056000133976
0.0008032580008148216
0.005982391994621139
0.00655692900181748
0.006873254002130125
0.003617383998061996
0.0039946589968167245
0.005135260995302815
0.0051382569945417345
0.0023843080052756704
0.004777328998898156
0.0029417710029520094
0.004474301997106522
0.007555235002655536
0.008232186999521218
0.004796311004611198
0.003898482995282393
0.008891862999007571
0.0013421449984889477
0.008463183003186714
0.003707329997268971
0.008037981002416927
0.0013399839954217896
0.007486212998628616
-----------------------
Linear Search Before: (50000 objects)
-----------------------
0.0160764750035014
0.014913554005033802
0.005932662999839522
0.014872054998704698
0.010873967003135476
0.004389424000692088
0.014349709999805782
0.0064741570022306405
0.004056252000737004
0.003568222004105337
0.014738262994796969
0.01033989799907431
0.006512888001452666
0.007975576998433098
0.005446397997729946
0.002673431001312565
0.01106742100091651
0.0004996269999537617
0.00269746599951759
0.006186389997310471
0.004161258999374695
0.006119151999882888
0.015874126998824067
0.011276839002675842
0.0005697090018657036
-----------------------
Linear Search Before: (75000 objects)
-----------------------
0.010860883994610049
0.019938909004849847
0.01845777999551501
0.01032859500264749
0.011070020002080128
0.018279783995239995
0.013597330995253287
0.012083758003427647
0.01982118800515309
0.022543722996488214
0.007812757998181041
0.012061620996973943
0.01761930099746678
0.0006771490006940439
0.0058644640012062155
0.015849616000195965
0.01646375999553129
0.003709817996423226
0.008088570000836626
0.01172346399835078
0.022078857000451535
0.017318959995463956
0.007926312006020453
0.003343149997817818
0.0013312800001585856
-----------------------
