Linear Search After (Existing): (5 objects)
-----------------------
1.2682998203672469e-05
3.029010258615017e-06
2.586995833553374e-06
1.4590041246265173e-06
1.9750004867091775e-06
8.930073818191886e-07
1.2159871403127909e-06
4.165005520917475e-06
1.8930004443973303e-06
1.2430100468918681e-06
2.219007001258433e-06
2.30599835049361e-06
1.5030091162770987e-06
1.9909930415451527e-06
8.959905244410038e-07
1.177002559415996e-06
2.5214001652784646e-05
1.3069948181509972e-06
2.2599997464567423e-06
1.8290011212229729e-06
1.2829987099394202e-06
1.0469957487657666e-06
1.3899989426136017e-06
1.3719982234761119e-06
1.1450028978288174e-06
-----------------------
Linear Search After (Existing): (10 objects)
-----------------------
1.7283004126511514e-05
1.0062998626381159e-05
8.511997293680906e-06
8.136994438245893e-06
8.799004717729986e-06
2.535001840442419e-06
8.028000593185425e-06
1.0047995601780713e-05
5.305002559907734e-06
5.2480027079582214e-06
4.727000487037003e-06
4.075991455465555e-06
4.560002707876265e-06
4.0660088416188955e-06
4.739995347335935e-06
5.398003850132227e-06
4.68800135422498e-06
2.9560032999143004e-06
3.5349949030205607e-06
3.98399424739182e-06
3.0489900382235646e-06
2.521992428228259e-06
3.364999429322779e-06
3.273002221249044e-06
2.1730083972215652e-06
-----------------------
Linear Search After (Existing): (100 objects)
-----------------------
2.9745991923846304e-05
9.387003956362605e-06
8.1690086517483e-06
1.000899646896869e-05
1.1463009286671877e-05
1.348099613096565e-05
1.2028001947328448e-05
2.2513995645567775e-05
1.5350989997386932e-05
8.47499177325517e-06
5.490990588441491e-06
5.152993253432214e-06
5.159992724657059e-06
5.133988452143967e-06
5.148991476744413e-06
4.98400186188519e-06
5.0679955165833235e-06
5.04699710290879e-06
5.156995030120015e-06
5.270005203783512e-06
5.099995178170502e-06
5.0240050768479705e-06
5.053007043898106e-06
4.964997060596943e-06
5.075999069958925e-06
-----------------------
Linear Search After (Existing): (1000 objects)
-----------------------
7.82389979576692e-05
7.495199679397047e-05
7.436300802510232e-05
7.419199391733855e-05
7.766399357933551e-05
7.261399878188968e-05
7.226300658658147e-05
7.274499512277544e-05
7.219999679364264e-05
7.250500493682921e-05
7.225200533866882e-05
7.28290033293888e-05
7.231900235638022e-05
7.901400385890156e-05
7.51899933675304e-05
7.650000043213367e-05
7.236099918372929e-05
7.251699571497738e-05
7.285500760190189e-05
7.211099728010595e-05
7.236399687826633e-05
7.195500074885786e-05
7.26329890312627e-05
7.195099897217005e-05
7.243499567266554e-05
-----------------------
Linear Search After (Existing): (10000 objects)
-----------------------
0.0014037140063010156
0.001497868011938408
0.0013775859988527372
0.0015944420010782778
0.0013549540017265826
0.0013753060047747567
0.0013671960041392595
0.0017818789929151535
0.0014431799936573952
0.0012995889992453158
0.0014209889923222363
0.0013370090018725023
0.0015021489962236956
0.0018516229902161285
0.0036905570013914257
0.00724249699851498
0.0015164130018092692
0.0016512339934706688
0.0015452340012416244
0.0016063060029409826
0.0013189720048103482
0.0013810990058118477
0.0013114239991409704
0.0013186569995013997
0.002734898997005075
-----------------------
Linear Search After (Existing): (30000 objects)
-----------------------
0.005402221999247558
0.005147413001395762
0.005253412004094571
0.005612714987364598
0.011332818001392297
0.005132776001119055
0.005654119988321327
0.005399082001531497
0.005336440997780301
0.005621036994853057
0.005118066997965798
0.005119726003613323
0.00517901498824358
0.0050876649911515415
0.005083201001980342
0.005090710998047143
0.005195207995711826
0.005206980000366457
0.0052055169944651425
0.005221898987656459
0.005197235994273797
0.0054532700014533475
0.0051637629949254915
0.005083944997750223
0.0051741659990511835
-----------------------
Linear Search After (Existing): (50000 objects)
-----------------------
0.009372928005177528
0.009056099996087141
0.013687718994333409
0.010229047999018803
0.009263304993510246
0.009005895000882447
0.008991875001811422
0.009897152995108627
0.008985661988845095
0.009016387004521675
0.00931420900451485
0.009059642005013302
0.009003530009067617
0.009039637006935664
0.00911195199296344
0.009614413007511757
0.009179094005958177
0.009066585000255145
0.009162993999780156
0.009632178000174463
0.008973519987193868
0.00899208799819462
0.009231071002432145
0.010045305010862648
0.009079999988898635
-----------------------
Linear Search After (Existing): (75000 objects)
-----------------------
0.015181698996457271
0.017263336994801648
0.014479008998023346
0.015334345996961929
0.014231515990104526
0.015118462004465982
0.01525045199377928
0.014187936001690105
0.014046727999811992
0.014939155997126363
0.01602611299313139
0.01416075999441091
0.014222244994016364
0.014894621999701485
0.014140359999146312
0.01498763301060535
0.015066300009493716
0.015121199990971945
0.01512763999926392
0.014490889996523038
0.014071101002627984
0.015969344007316977
0.015018521997262724
0.014190109010087326
0.014364267000928521
-----------------------
Linear Search After (Existing): (100 objects)
-----------------------
5.168699863133952e-05
2.1530002413783222e-05
2.2360996808856726e-05
7.635499787284061e-05
4.218899994157255e-05
1.5559002349618822e-05
9.770003089215606e-06
1.0847994417417794e-05
9.767005394678563e-06
1.8913000531028956e-05
1.9184997654519975e-05
1.86039978871122e-05
1.4329001714941114e-05
1.5083998732734472e-05
2.0109000615775585e-05
1.730700023472309e-05
1.8173996068071574e-05
2.2676002117805183e-05
2.585399488452822e-05
1.393399725202471e-05
9.914998372551054e-06
6.230999133549631e-06
6.090995157137513e-06
6.246002158150077e-06
6.4300038502551615e-06
-----------------------
