Built-in Sort: (5 objects)
-----------------------
2.5649002054706216e-05
6.77400385029614e-06
3.506007487885654e-06
2.7710048016160727e-06
2.4710025172680616e-06
3.7179997889325023e-06
2.101995050907135e-06
6.753994966857135e-06
5.482012056745589e-06
2.4790060706436634e-06
5.879002856090665e-06
2.584987669251859e-06
2.811997546814382e-06
2.0900042727589607e-06
1.0079966159537435e-06
2.496002707630396e-06
5.0539965741336346e-06
5.22199843544513e-06
5.775000317953527e-06
2.7320056688040495e-06
1.2599921319633722e-06
2.8439972084015608e-06
1.695007085800171e-06
1.7959973774850368e-06
1.248001353815198e-06
-----------------------
Built-in Sort: (10 objects)
-----------------------
2.5276996893808246e-05
1.3824013876728714e-05
1.1734009603969753e-05
9.076000424101949e-06
1.0436007869429886e-05
1.2510994565673172e-05
9.925002814270556e-06
1.1720010661520064e-05
7.883005309849977e-06
7.027003448456526e-06
6.337999366223812e-06
6.417001713998616e-06
6.1449973145499825e-06
6.657995982095599e-06
7.472990546375513e-06
5.07800723426044e-06
7.4899871833622456e-06
1.7833997844718397e-05
6.351998308673501e-06
4.961999366059899e-06
6.994989234954119e-06
5.402005626820028e-06
4.285990144126117e-06
4.059009370394051e-06
4.57599526271224e-06
-----------------------
Built-in Sort: (100 objects)
-----------------------
5.970500933472067e-05
3.296999784652144e-05
2.4526991182938218e-05
2.3708009393885732e-05
2.7232992579229176e-05
2.998999843839556e-05
2.9650007490999997e-05
3.185198875144124e-05
4.2105006286874413e-05
4.0579005144536495e-05
2.826200216077268e-05
1.5008001355454326e-05
1.446399255655706e-05
1.4673001714982092e-05
1.4466000720858574e-05
1.4482997357845306e-05
1.4517005183734e-05
1.471900031901896e-05
1.4428995200432837e-05
1.509599678684026e-05
1.4666002243757248e-05
1.4711011317558587e-05
1.4220000593923032e-05
1.4666002243757248e-05
1.4311997801996768e-05
-----------------------
Built-in Sort: (1000 objects)
-----------------------
0.000345124994055368
0.00019761499424930662
0.00019023798813577741
0.00018567399820312858
0.00019520799105521291
0.00019953200535383075
0.0001898259943118319
0.00018455099780112505
0.00018376499065198004
0.0001841810008045286
0.00018352799816057086
0.00018433999503031373
0.0001840939949033782
0.0001988039875868708
0.00018905100296251476
0.00018911600636783987
0.0001843250065576285
0.00018593700951896608
0.00018463301239535213
0.00018289999570697546
0.00018370800535194576
0.0001838329917518422
0.0001831010013120249
0.0001840859913500026
0.00018251199799124151
-----------------------
Built-in Sort: (10000 objects)
-----------------------
0.0033665759983705357
0.003589689004002139
0.003265930004999973
0.003532756003551185
0.003037274000234902
0.002972604997921735
0.002919068996561691
0.0037171170115470886
0.0036350830050650984
0.003237215001718141
0.0031930999975884333
0.0033563670003786683
0.005293214999255724
0.005017549003241584
0.004318593011703342
0.004378254001494497
0.004483947996050119
0.0034409079962642863
0.0033836170041467994
0.003171582007780671
0.003202742009307258
0.0029786910017719492
0.002968720000353642
0.0030104370089247823
0.004352460993686691
-----------------------
Built-in Sort: (30000 objects)
-----------------------
0.013563166998210363
0.013476420994265936
0.013528811003197916
0.013975189998745918
0.01484888800769113
0.013503932001185603
0.013681547992746346
0.01414086100703571
0.013413997992756777
0.01402839100046549
0.013619066987303086
0.0142955460032681
0.013537747989175841
0.013365532999159768
0.013318048004293814
0.01321930400445126
0.014101742999628186
0.013615953997941688
0.01344710899866186
0.013581670995336026
0.013387776998570189
0.014117939994321205
0.013259094004752114
0.013604678999399766
0.01354829799674917
-----------------------
Built-in Sort: (50000 objects)
-----------------------
0.026763585992739536
0.02665682700171601
0.02800029600621201
0.028685846002190374
0.027193854009965435
0.02675667399307713
0.026424504001624882
0.026848291003261693
0.026380588999018073
0.026246818000799976
0.029041756002698094
0.027468863991089165
0.02654486299434211
0.02707668300718069
0.026891261994023807
0.028172060992801562
0.03150229499442503
0.027607516007265076
0.027003669005353004
0.02660068699333351
0.02710406501137186
0.02675089699914679
0.027176999996299855
0.02745387099275831
0.026985885997419246
-----------------------
Built-in Sort: (75000 objects)
-----------------------
0.04590588199789636
0.05132614300237037
0.04926482099108398
0.043540273007238284
0.044896186009282246
0.04307053401134908
0.04397386001073755
0.04367517500941176
0.04336215699731838
0.04516451399831567
0.04593407199718058
0.04503558299620636
0.04472548000921961
0.04461274800996762
0.044592614998691715
0.043916554990573786
0.04363896299037151
0.04571384300652426
0.043449960998259485
0.04415987100219354
0.04449051899428014
0.04432518599787727
0.044086687004892156
0.04390246998809744
0.04374952899524942
-----------------------
Built-in Sort: (100 objects)
-----------------------
8.736099698580801e-05
5.797100311610848e-05
4.466800601221621e-05
0.00022289399930741638
9.949199738912284e-05
9.077799768419936e-05
2.7662994398269802e-05
2.5825996999628842e-05
2.4651999410707504e-05
5.481999687617645e-05
4.08609994337894e-05
3.764499706448987e-05
3.444100002525374e-05
3.194399323547259e-05
3.873200330417603e-05
3.501799801597372e-05
3.48169996868819e-05
4.1375002183485776e-05
4.332199750933796e-05
4.9152993597090244e-05
2.1279003703966737e-05
2.1364001440815628e-05
2.0350002159830183e-05
2.283699723193422e-05
2.3339998733717948e-05
-----------------------
