Insertion Sort: (5 objects)
-----------------------
1.2978001905139536e-05
7.688002369832247e-06
8.307004463858902e-06
6.421003490686417e-06
5.820998921990395e-06
7.79700349085033e-06
6.283997208811343e-06
5.842994141858071e-06
6.187998224049807e-06
7.271002687048167e-06
6.2539984355680645e-06
5.748996045440435e-06
7.048998668324202e-06
5.590001819655299e-06
6.270005542319268e-06
6.565998774021864e-06
6.873000529594719e-06
6.059999577701092e-06
6.9789966801181436e-06
7.676004315726459e-06
8.439994417130947e-06
5.493995558936149e-06
5.44399517821148e-06
5.512003554031253e-06
5.5910059018060565e-06
-----------------------
Insertion Sort: (10 objects)
-----------------------
3.4705000871326774e-05
2.0908999431412667e-05
1.867399987531826e-05
1.4069999451749027e-05
1.74690067069605e-05
0.000178897003934253
1.617299858480692e-05
1.819300086935982e-05
1.3479999324772507e-05
0.0004892629949608818
2.008400042541325e-05
1.86689940164797e-05
2.1423998987302184e-05
8.293005521409214e-06
1.0673000360839069e-05
1.1313000868540257e-05
1.036100002238527e-05
8.668001100886613e-06
9.657996997702867e-06
8.578994311392307e-06
1.1028001608792692e-05
1.032499858411029e-05
9.193994628731161e-06
1.1028001608792692e-05
8.18000262370333e-06
-----------------------
Insertion Sort: (100 objects)
-----------------------
0.0004593999983626418
0.0009026960033224896
0.0008449230008409359
0.0005433469996205531
0.0005113949955557473
0.0006007170013617724
0.0005060210023657419
0.0005547280015889555
0.0005544880041270517
0.0004593760022544302
0.0004828200035262853
0.0005086849996587262
0.0008882789989002049
0.00046185300016077235
0.00043210900184931234
0.000464153999928385
0.0004564800037769601
0.0004220200062263757
0.00044438600161811337
0.00039918100083013996
0.0004355830023996532
0.0004333690012572333
0.0004459410047275014
0.0004107300046598539
0.00046127999667078257
-----------------------
Insertion Sort: (1000 objects)
-----------------------
0.048638729997037444
0.049397730006603524
0.04815901900292374
0.04882145100418711
0.04782471400540089
0.04896269099845085
0.04774436300067464
0.055516282001917716
0.04845507800200721
0.04759455900057219
0.05269681999925524
0.05660133300261805
0.05026744199858513
0.047529880997899454
0.047919743999955244
0.049600580998230726
0.06459485999948811
0.05070843100111233
0.05309180200129049
0.0522556279975106
0.04794013899663696
0.04777553500025533
0.04833014799805824
0.050278429000172764
0.05436658699909458
-----------------------
Insertion Sort: (10000 objects)
-----------------------
5.559229886996036
5.577015034999931
5.739585003000684
9.183240168997145
9.082249091996346
7.486690011995961
8.01205387799564
8.207754114002455
11.080411147995619
11.942395858000964
7.271049980001408
6.677003414995852
6.92206543499924
6.624778919998789
5.924255311001616
7.960471420003159
9.560874442999193
8.084611922000477
7.100353685003938
6.312087899001199
6.5588500239973655
6.392017954996845
5.43190749999485
5.409515270002885
7.977022105995275
-----------------------
Insertion Sort: (30000 objects)
-----------------------
77.16966817199864
78.7990716130007
75.45923142899846
75.68443626900262
84.03571474199998
75.16956870499416
74.90234308200161
74.68005167899537
74.49134067900013
84.7774148660028
75.70404322700051
75.65447185499943
75.61370637600339
77.11869021800521
75.85375667799963
76.39360624500114
76.00432891999662
81.35449807000259
86.05464914399636
76.64131182299752
75.77123398699769
88.33089749100327
89.92242584100313
85.77539594900009
87.50594941599411
-----------------------
Insertion Sort: (50000 objects)
-----------------------
271.95184406299813
249.27882701299677
264.7608491560022
250.12620266500016
279.67492880800273
257.57515286799753
274.38570156999776
281.8532651610003
292.7687462219983
285.80140054500225
256.15651783799694
257.8666636639973
288.7603556299946
276.9963092870021
276.0173875269975
238.9179593680019
249.3109101719965
259.50864980999904
235.026719280002
234.47359535700525
241.74174011300056
232.40641958799824
233.0649176750012
-----------------------
Insertion Sort: (75000 objects)
-----------------------
583.8152868690013
560.0614595290026
554.0445453630018
573.4236577219999
550.719042155004
562.918008229004
569.0224133630036
-----------------------